 <pre>

 Contingency table for Low clouds (octas)
 Selection: ALL    626 stations
Period: 20220930-20221019
Used {00,03,...,21} + 00 01 ... 09
 Limits    1.00000000       2.00000000       3.00000000       4.00000000       5.00000000       6.00000000       7.00000000    
 Each class is data <= limit, the very last > last limit
 Total number of values      688621
                                              OBSERVATION
                                 199137    13041    10067     7015     6524     6045    10199    15057 |    267085
                                  12822     2550     2500     1887     1797     1742     3080     4624 |     31002
                                   8766     1987     1933     1481     1364     1393     2585     3639 |     23148
             MNWC_prod_stratus     7842     1920     1888     1467     1408     1323     2424     3558 |     21830
                                   7301     1925     1926     1535     1566     1447     2796     3966 |     22462
                                   7665     2287     2179     1722     1802     1736     3384     4757 |     25532
                                  10668     3279     3369     2500     2643     2860     5758     8261 |     39338
                                  29111    13466    14756    11685    13942    17099    46914   111251 |    258224

                    SUM          283312    40455    38618    29292    31046    33645    77140   155113 |    688621
                                              OBSERVATION
                                 195598    12346     9487     6576     6147     5571     9376    13659 |    258760
                                  13198     2828     2505     1905     1776     1723     2923     4410 |     31268
                                   9087     2036     1981     1552     1457     1390     2561     3653 |     23717
                     MEPS_prod     8223     1965     1933     1474     1447     1365     2592     3520 |     22519
                                   7454     1964     1938     1607     1507     1478     2761     3780 |     22489
                                   8015     2324     2278     1713     1749     1791     3456     4661 |     25987
                                  10902     3230     3393     2525     2628     2768     5743     7986 |     39175
                                  30835    13762    15103    11940    14335    17559    47728   113444 |    264706

                    SUM          283312    40455    38618    29292    31046    33645    77140   155113 |    688621

