 <pre>

 Contingency table for Cloud base (m)
 Selection: ALL    654 stations
Period: 20220930-20221019
Used {00,03,...,21} + 00 01 ... 09
 Limits    70.0000000       150.000000       300.000000       600.000000       1000.00000       1500.00000       2500.00000       5000.00000    
 Each class is data <= limit, the very last > last limit
 Total number of values      663146
                                                       OBSERVATION
                                   7342     4894     2652     1305      721      505      450      838     2026 |     20733
                                   2043     5262     4430     1913      650      200      173      192      184 |     15047
                                   1757     6745    14279     7231     2211      581      374      364      271 |     33813
                                   1425     4476    17779    30257    11159     2902     1444     1377     1516 |     72335
             MNWC_prod_stratus     2066     2773     7752    21472    35919    12182     4517     3744     9270 |     99695
                                   1367     2204     5646     9369    17026    19611     8968     5701    13096 |     82988
                                    652      992     2909     4433     5132     5218     7594     3668     2358 |     32956
                                    619      718     1855     3557     3782     3303     4567    11652     2012 |     32065
                                   4796     3018     7546    17359    27427    21025    15468    29613   147262 |    273514

                    SUM           22067    31082    64848    96896   104027    65527    43555    57149   177995 |    663146
                                                       OBSERVATION
                                   8331     5944     3126     1537      940      756      657      954     2256 |     24501
                                   2143     5939     5264     1992      798      262      238      224      285 |     17145
                                   1556     6608    15223     7747     2406      759      522      492      341 |     35654
                                   1292     4158    18255    31713    11812     3180     1714     1651     1706 |     75481
                     MEPS_prod     1918     2522     7472    21639    37064    12802     4766     4251    10027 |    102461
                                   1239     1828     4773     8703    16326    18971     8831     5928    13054 |     79653
                                    457      676     2268     3600     4378     4429     6766     3107     2161 |     27842
                                    512      561     1542     3137     3416     2940     4265    10954     1843 |     29170
                                   4619     2846     6925    16828    26887    21428    15796    29588   146322 |    271239

                    SUM           22067    31082    64848    96896   104027    65527    43555    57149   177995 |    663146

