 <pre>

 Contingency table for Cloud cover (octas)
 Selection: ALL    404 stations
Period: 20220930-20221019
Used {00,03,...,21} + 00 01 ... 09
 Limits   0.500000000       1.50000000       2.50000000       3.50000000       4.50000000       5.50000000       6.50000000       7.50000000    
 Each class is data <= limit, the very last > last limit
 Total number of values      402568
                                                       OBSERVATION
                                  31673     7203     5073     3176     1887     1987     1811     1995     3363 |     58168
                                   6851     2414     2164     1637     1281     1455     1483     2064     3439 |     22788
                                   3585     1452     1314     1107      897     1130     1254     1901     3139 |     15779
                                   2702     1177     1072      947      819     1025     1169     1777     3086 |     13774
             MNWC_prod_stratus     2493     1160     1182     1002      788     1082     1292     1963     3520 |     14482
                                   2539     1168     1108     1066      932     1196     1449     2376     4495 |     16329
                                   2655     1419     1261     1244     1065     1391     1861     3135     6065 |     20096
                                   3788     1986     1756     1845     1500     2137     3059     5620    11182 |     32873
                                   9743     4918     4745     5108     4223     7308    13052    39063   120119 |    208279

                    SUM           66029    22897    19675    17132    13392    18711    26430    59894   158408 |    402568
                                                       OBSERVATION
                                  31552     7208     5020     3086     1849     1913     1783     1993     3288 |     57692
                                   6715     2375     2078     1668     1279     1565     1470     2212     3386 |     22748
                                   3424     1430     1306     1103      929     1088     1276     1791     3096 |     15443
                                   2695     1123     1095      958      800      957     1204     1786     3176 |     13794
                     MEPS_prod     2513     1155     1075      997      844     1092     1286     2005     3517 |     14484
                                   2422     1156     1183     1040      878     1172     1422     2321     4364 |     15958
                                   2724     1368     1275     1225     1062     1432     1826     3122     6009 |     20043
                                   3735     1938     1756     1782     1414     2098     3031     5427    10678 |     31859
                                  10249     5144     4887     5273     4337     7394    13132    39237   120894 |    210547

                    SUM           66029    22897    19675    17132    13392    18711    26430    59894   158408 |    402568

